EXEC: opcode=0, op1=1, op2=2
NAND r1, r2 -> r1
PC: 4, REG: [0,65535,0,0,0,0,0,0,0,0,0,0,0,0,0,0,0,0,0,0,0,0,0,0,0,0,0,0,0,0,0,0], MEM[0]: 1
EXEC: opcode=1, op1=1, op2=0
LOAD r1, mem[0]
PC: 8, REG: [0,256,0,0,0,0,0,0,0,0,0,0,0,0,0,0,0,0,0,0,0,0,0,0,0,0,0,0,0,0,0,0], MEM[0]: 1
EXEC: opcode=2, op1=1, op2=1
STORE r1, mem[1]
PC: 12, REG: [0,256,0,0,0,0,0,0,0,0,0,0,0,0,0,0,0,0,0,0,0,0,0,0,0,0,0,0,0,0,0,0], MEM[0]: 1
EXEC: opcode=3, op1=1, op2=0
JUMP r1 -> PC=512
PC: 512, REG: [0,256,0,0,0,0,0,0,0,0,0,0,0,0,0,0,0,0,0,0,0,0,0,0,0,0,0,0,0,0,0,0], MEM[0]: 1
EXEC: opcode=0, op1=0, op2=0
NAND r0, r0 -> r0
PC: 516, REG: [65535,256,0,0,0,0,0,0,0,0,0,0,0,0,0,0,0,0,0,0,0,0,0,0,0,0,0,0,0,0,0,0], MEM[0]: 1
EXEC: opcode=0, op1=0, op2=0
NAND r0, r0 -> r0
PC: 520, REG: [0,256,0,0,0,0,0,0,0,0,0,0,0,0,0,0,0,0,0,0,0,0,0,0,0,0,0,0,0,0,0,0], MEM[0]: 1
EXEC: opcode=0, op1=0, op2=0
NAND r0, r0 -> r0
PC: 524, REG: [65535,256,0,0,0,0,0,0,0,0,0,0,0,0,0,0,0,0,0,0,0,0,0,0,0,0,0,0,0,0,0,0], MEM[0]: 1
EXEC: opcode=0, op1=0, op2=0
NAND r0, r0 -> r0
PC: 528, REG: [0,256,0,0,0,0,0,0,0,0,0,0,0,0,0,0,0,0,0,0,0,0,0,0,0,0,0,0,0,0,0,0], MEM[0]: 1
EXEC: opcode=0, op1=0, op2=0
NAND r0, r0 -> r0
PC: 532, REG: [65535,256,0,0,0,0,0,0,0,0,0,0,0,0,0,0,0,0,0,0,0,0,0,0,0,0,0,0,0,0,0,0], MEM[0]: 1
EXEC: opcode=0, op1=0, op2=0
NAND r0, r0 -> r0
PC: 536, REG: [0,256,0,0,0,0,0,0,0,0,0,0,0,0,0,0,0,0,0,0,0,0,0,0,0,0,0,0,0,0,0,0], MEM[0]: 1
EXEC: opcode=0, op1=0, op2=0
NAND r0, r0 -> r0
PC: 540, REG: [65535,256,0,0,0,0,0,0,0,0,0,0,0,0,0,0,0,0,0,0,0,0,0,0,0,0,0,0,0,0,0,0], MEM[0]: 1
EXEC: opcode=0, op1=0, op2=0
NAND r0, r0 -> r0
PC: 544, REG: [0,256,0,0,0,0,0,0,0,0,0,0,0,0,0,0,0,0,0,0,0,0,0,0,0,0,0,0,0,0,0,0], MEM[0]: 1
EXEC: opcode=0, op1=0, op2=0
NAND r0, r0 -> r0
PC: 548, REG: [65535,256,0,0,0,0,0,0,0,0,0,0,0,0,0,0,0,0,0,0,0,0,0,0,0,0,0,0,0,0,0,0], MEM[0]: 1
EXEC: opcode=0, op1=0, op2=0
NAND r0, r0 -> r0
PC: 552, REG: [0,256,0,0,0,0,0,0,0,0,0,0,0,0,0,0,0,0,0,0,0,0,0,0,0,0,0,0,0,0,0,0], MEM[0]: 1
EXEC: opcode=0, op1=0, op2=0
NAND r0, r0 -> r0
PC: 556, REG: [65535,256,0,0,0,0,0,0,0,0,0,0,0,0,0,0,0,0,0,0,0,0,0,0,0,0,0,0,0,0,0,0], MEM[0]: 1
EXEC: opcode=0, op1=0, op2=0
NAND r0, r0 -> r0
PC: 560, REG: [0,256,0,0,0,0,0,0,0,0,0,0,0,0,0,0,0,0,0,0,0,0,0,0,0,0,0,0,0,0,0,0], MEM[0]: 1
EXEC: opcode=0, op1=0, op2=0
NAND r0, r0 -> r0
PC: 564, REG: [65535,256,0,0,0,0,0,0,0,0,0,0,0,0,0,0,0,0,0,0,0,0,0,0,0,0,0,0,0,0,0,0], MEM[0]: 1
EXEC: opcode=0, op1=0, op2=0
NAND r0, r0 -> r0
PC: 568, REG: [0,256,0,0,0,0,0,0,0,0,0,0,0,0,0,0,0,0,0,0,0,0,0,0,0,0,0,0,0,0,0,0], MEM[0]: 1
EXEC: opcode=0, op1=0, op2=0
NAND r0, r0 -> r0
PC: 572, REG: [65535,256,0,0,0,0,0,0,0,0,0,0,0,0,0,0,0,0,0,0,0,0,0,0,0,0,0,0,0,0,0,0], MEM[0]: 1
EXEC: opcode=0, op1=0, op2=0
NAND r0, r0 -> r0
PC: 576, REG: [0,256,0,0,0,0,0,0,0,0,0,0,0,0,0,0,0,0,0,0,0,0,0,0,0,0,0,0,0,0,0,0], MEM[0]: 1
EXEC: opcode=0, op1=0, op2=0
NAND r0, r0 -> r0
PC: 580, REG: [65535,256,0,0,0,0,0,0,0,0,0,0,0,0,0,0,0,0,0,0,0,0,0,0,0,0,0,0,0,0,0,0], MEM[0]: 1
EXEC: opcode=0, op1=0, op2=0
NAND r0, r0 -> r0
PC: 584, REG: [0,256,0,0,0,0,0,0,0,0,0,0,0,0,0,0,0,0,0,0,0,0,0,0,0,0,0,0,0,0,0,0], MEM[0]: 1
EXEC: opcode=0, op1=0, op2=0
NAND r0, r0 -> r0
PC: 588, REG: [65535,256,0,0,0,0,0,0,0,0,0,0,0,0,0,0,0,0,0,0,0,0,0,0,0,0,0,0,0,0,0,0], MEM[0]: 1
EXEC: opcode=0, op1=0, op2=0
NAND r0, r0 -> r0
PC: 592, REG: [0,256,0,0,0,0,0,0,0,0,0,0,0,0,0,0,0,0,0,0,0,0,0,0,0,0,0,0,0,0,0,0], MEM[0]: 1
EXEC: opcode=0, op1=0, op2=0
NAND r0, r0 -> r0
PC: 596, REG: [65535,256,0,0,0,0,0,0,0,0,0,0,0,0,0,0,0,0,0,0,0,0,0,0,0,0,0,0,0,0,0,0], MEM[0]: 1
EXEC: opcode=0, op1=0, op2=0
NAND r0, r0 -> r0
PC: 600, REG: [0,256,0,0,0,0,0,0,0,0,0,0,0,0,0,0,0,0,0,0,0,0,0,0,0,0,0,0,0,0,0,0], MEM[0]: 1
EXEC: opcode=0, op1=0, op2=0
NAND r0, r0 -> r0
PC: 604, REG: [65535,256,0,0,0,0,0,0,0,0,0,0,0,0,0,0,0,0,0,0,0,0,0,0,0,0,0,0,0,0,0,0], MEM[0]: 1
EXEC: opcode=0, op1=0, op2=0
NAND r0, r0 -> r0
PC: 608, REG: [0,256,0,0,0,0,0,0,0,0,0,0,0,0,0,0,0,0,0,0,0,0,0,0,0,0,0,0,0,0,0,0], MEM[0]: 1
EXEC: opcode=0, op1=0, op2=0
NAND r0, r0 -> r0
PC: 612, REG: [65535,256,0,0,0,0,0,0,0,0,0,0,0,0,0,0,0,0,0,0,0,0,0,0,0,0,0,0,0,0,0,0], MEM[0]: 1
EXEC: opcode=0, op1=0, op2=0
NAND r0, r0 -> r0
PC: 616, REG: [0,256,0,0,0,0,0,0,0,0,0,0,0,0,0,0,0,0,0,0,0,0,0,0,0,0,0,0,0,0,0,0], MEM[0]: 1
EXEC: opcode=0, op1=0, op2=0
NAND r0, r0 -> r0
PC: 620, REG: [65535,256,0,0,0,0,0,0,0,0,0,0,0,0,0,0,0,0,0,0,0,0,0,0,0,0,0,0,0,0,0,0], MEM[0]: 1
EXEC: opcode=0, op1=0, op2=0
NAND r0, r0 -> r0
PC: 624, REG: [0,256,0,0,0,0,0,0,0,0,0,0,0,0,0,0,0,0,0,0,0,0,0,0,0,0,0,0,0,0,0,0], MEM[0]: 1
EXEC: opcode=0, op1=0, op2=0
NAND r0, r0 -> r0
PC: 628, REG: [65535,256,0,0,0,0,0,0,0,0,0,0,0,0,0,0,0,0,0,0,0,0,0,0,0,0,0,0,0,0,0,0], MEM[0]: 1
EXEC: opcode=0, op1=0, op2=0
NAND r0, r0 -> r0
PC: 632, REG: [0,256,0,0,0,0,0,0,0,0,0,0,0,0,0,0,0,0,0,0,0,0,0,0,0,0,0,0,0,0,0,0], MEM[0]: 1
EXEC: opcode=0, op1=0, op2=0
NAND r0, r0 -> r0
PC: 636, REG: [65535,256,0,0,0,0,0,0,0,0,0,0,0,0,0,0,0,0,0,0,0,0,0,0,0,0,0,0,0,0,0,0], MEM[0]: 1
EXEC: opcode=0, op1=0, op2=0
NAND r0, r0 -> r0
PC: 640, REG: [0,256,0,0,0,0,0,0,0,0,0,0,0,0,0,0,0,0,0,0,0,0,0,0,0,0,0,0,0,0,0,0], MEM[0]: 1
EXEC: opcode=0, op1=0, op2=0
NAND r0, r0 -> r0
PC: 644, REG: [65535,256,0,0,0,0,0,0,0,0,0,0,0,0,0,0,0,0,0,0,0,0,0,0,0,0,0,0,0,0,0,0], MEM[0]: 1
EXEC: opcode=0, op1=0, op2=0
NAND r0, r0 -> r0
PC: 648, REG: [0,256,0,0,0,0,0,0,0,0,0,0,0,0,0,0,0,0,0,0,0,0,0,0,0,0,0,0,0,0,0,0], MEM[0]: 1
EXEC: opcode=0, op1=0, op2=0
NAND r0, r0 -> r0
PC: 652, REG: [65535,256,0,0,0,0,0,0,0,0,0,0,0,0,0,0,0,0,0,0,0,0,0,0,0,0,0,0,0,0,0,0], MEM[0]: 1
EXEC: opcode=0, op1=0, op2=0
NAND r0, r0 -> r0
PC: 656, REG: [0,256,0,0,0,0,0,0,0,0,0,0,0,0,0,0,0,0,0,0,0,0,0,0,0,0,0,0,0,0,0,0], MEM[0]: 1
EXEC: opcode=0, op1=0, op2=0
NAND r0, r0 -> r0
PC: 660, REG: [65535,256,0,0,0,0,0,0,0,0,0,0,0,0,0,0,0,0,0,0,0,0,0,0,0,0,0,0,0,0,0,0], MEM[0]: 1
EXEC: opcode=0, op1=0, op2=0
NAND r0, r0 -> r0
PC: 664, REG: [0,256,0,0,0,0,0,0,0,0,0,0,0,0,0,0,0,0,0,0,0,0,0,0,0,0,0,0,0,0,0,0], MEM[0]: 1
EXEC: opcode=0, op1=0, op2=0
NAND r0, r0 -> r0
PC: 668, REG: [65535,256,0,0,0,0,0,0,0,0,0,0,0,0,0,0,0,0,0,0,0,0,0,0,0,0,0,0,0,0,0,0], MEM[0]: 1
EXEC: opcode=0, op1=0, op2=0
NAND r0, r0 -> r0
PC: 672, REG: [0,256,0,0,0,0,0,0,0,0,0,0,0,0,0,0,0,0,0,0,0,0,0,0,0,0,0,0,0,0,0,0], MEM[0]: 1
EXEC: opcode=0, op1=0, op2=0
NAND r0, r0 -> r0
PC: 676, REG: [65535,256,0,0,0,0,0,0,0,0,0,0,0,0,0,0,0,0,0,0,0,0,0,0,0,0,0,0,0,0,0,0], MEM[0]: 1
EXEC: opcode=0, op1=0, op2=0
NAND r0, r0 -> r0
PC: 680, REG: [0,256,0,0,0,0,0,0,0,0,0,0,0,0,0,0,0,0,0,0,0,0,0,0,0,0,0,0,0,0,0,0], MEM[0]: 1
EXEC: opcode=0, op1=0, op2=0
NAND r0, r0 -> r0
PC: 684, REG: [65535,256,0,0,0,0,0,0,0,0,0,0,0,0,0,0,0,0,0,0,0,0,0,0,0,0,0,0,0,0,0,0], MEM[0]: 1
EXEC: opcode=0, op1=0, op2=0
NAND r0, r0 -> r0
PC: 688, REG: [0,256,0,0,0,0,0,0,0,0,0,0,0,0,0,0,0,0,0,0,0,0,0,0,0,0,0,0,0,0,0,0], MEM[0]: 1
EXEC: opcode=0, op1=0, op2=0
NAND r0, r0 -> r0
PC: 692, REG: [65535,256,0,0,0,0,0,0,0,0,0,0,0,0,0,0,0,0,0,0,0,0,0,0,0,0,0,0,0,0,0,0], MEM[0]: 1
EXEC: opcode=0, op1=0, op2=0
NAND r0, r0 -> r0
PC: 696, REG: [0,256,0,0,0,0,0,0,0,0,0,0,0,0,0,0,0,0,0,0,0,0,0,0,0,0,0,0,0,0,0,0], MEM[0]: 1
EXEC: opcode=0, op1=0, op2=0
NAND r0, r0 -> r0
PC: 700, REG: [65535,256,0,0,0,0,0,0,0,0,0,0,0,0,0,0,0,0,0,0,0,0,0,0,0,0,0,0,0,0,0,0], MEM[0]: 1
EXEC: opcode=0, op1=0, op2=0
NAND r0, r0 -> r0
PC: 704, REG: [0,256,0,0,0,0,0,0,0,0,0,0,0,0,0,0,0,0,0,0,0,0,0,0,0,0,0,0,0,0,0,0], MEM[0]: 1
EXEC: opcode=0, op1=0, op2=0
NAND r0, r0 -> r0
PC: 708, REG: [65535,256,0,0,0,0,0,0,0,0,0,0,0,0,0,0,0,0,0,0,0,0,0,0,0,0,0,0,0,0,0,0], MEM[0]: 1
EXEC: opcode=0, op1=0, op2=0
NAND r0, r0 -> r0
PC: 712, REG: [0,256,0,0,0,0,0,0,0,0,0,0,0,0,0,0,0,0,0,0,0,0,0,0,0,0,0,0,0,0,0,0], MEM[0]: 1
EXEC: opcode=0, op1=0, op2=0
NAND r0, r0 -> r0
PC: 716, REG: [65535,256,0,0,0,0,0,0,0,0,0,0,0,0,0,0,0,0,0,0,0,0,0,0,0,0,0,0,0,0,0,0], MEM[0]: 1
EXEC: opcode=0, op1=0, op2=0
NAND r0, r0 -> r0
PC: 720, REG: [0,256,0,0,0,0,0,0,0,0,0,0,0,0,0,0,0,0,0,0,0,0,0,0,0,0,0,0,0,0,0,0], MEM[0]: 1
EXEC: opcode=0, op1=0, op2=0
NAND r0, r0 -> r0
PC: 724, REG: [65535,256,0,0,0,0,0,0,0,0,0,0,0,0,0,0,0,0,0,0,0,0,0,0,0,0,0,0,0,0,0,0], MEM[0]: 1
EXEC: opcode=0, op1=0, op2=0
NAND r0, r0 -> r0
PC: 728, REG: [0,256,0,0,0,0,0,0,0,0,0,0,0,0,0,0,0,0,0,0,0,0,0,0,0,0,0,0,0,0,0,0], MEM[0]: 1
EXEC: opcode=0, op1=0, op2=0
NAND r0, r0 -> r0
PC: 732, REG: [65535,256,0,0,0,0,0,0,0,0,0,0,0,0,0,0,0,0,0,0,0,0,0,0,0,0,0,0,0,0,0,0], MEM[0]: 1
EXEC: opcode=0, op1=0, op2=0
NAND r0, r0 -> r0
PC: 736, REG: [0,256,0,0,0,0,0,0,0,0,0,0,0,0,0,0,0,0,0,0,0,0,0,0,0,0,0,0,0,0,0,0], MEM[0]: 1
EXEC: opcode=0, op1=0, op2=0
NAND r0, r0 -> r0
PC: 740, REG: [65535,256,0,0,0,0,0,0,0,0,0,0,0,0,0,0,0,0,0,0,0,0,0,0,0,0,0,0,0,0,0,0], MEM[0]: 1
EXEC: opcode=0, op1=0, op2=0
NAND r0, r0 -> r0
PC: 744, REG: [0,256,0,0,0,0,0,0,0,0,0,0,0,0,0,0,0,0,0,0,0,0,0,0,0,0,0,0,0,0,0,0], MEM[0]: 1
EXEC: opcode=0, op1=0, op2=0
NAND r0, r0 -> r0
PC: 748, REG: [65535,256,0,0,0,0,0,0,0,0,0,0,0,0,0,0,0,0,0,0,0,0,0,0,0,0,0,0,0,0,0,0], MEM[0]: 1
EXEC: opcode=0, op1=0, op2=0
NAND r0, r0 -> r0
PC: 752, REG: [0,256,0,0,0,0,0,0,0,0,0,0,0,0,0,0,0,0,0,0,0,0,0,0,0,0,0,0,0,0,0,0], MEM[0]: 1
EXEC: opcode=0, op1=0, op2=0
NAND r0, r0 -> r0
PC: 756, REG: [65535,256,0,0,0,0,0,0,0,0,0,0,0,0,0,0,0,0,0,0,0,0,0,0,0,0,0,0,0,0,0,0], MEM[0]: 1
EXEC: opcode=0, op1=0, op2=0
NAND r0, r0 -> r0
PC: 760, REG: [0,256,0,0,0,0,0,0,0,0,0,0,0,0,0,0,0,0,0,0,0,0,0,0,0,0,0,0,0,0,0,0], MEM[0]: 1
EXEC: opcode=0, op1=0, op2=0
NAND r0, r0 -> r0
PC: 764, REG: [65535,256,0,0,0,0,0,0,0,0,0,0,0,0,0,0,0,0,0,0,0,0,0,0,0,0,0,0,0,0,0,0], MEM[0]: 1
EXEC: opcode=0, op1=0, op2=0
NAND r0, r0 -> r0
PC: 768, REG: [0,256,0,0,0,0,0,0,0,0,0,0,0,0,0,0,0,0,0,0,0,0,0,0,0,0,0,0,0,0,0,0], MEM[0]: 1
EXEC: opcode=0, op1=0, op2=0
NAND r0, r0 -> r0
PC: 772, REG: [65535,256,0,0,0,0,0,0,0,0,0,0,0,0,0,0,0,0,0,0,0,0,0,0,0,0,0,0,0,0,0,0], MEM[0]: 1
EXEC: opcode=0, op1=0, op2=0
NAND r0, r0 -> r0
PC: 776, REG: [0,256,0,0,0,0,0,0,0,0,0,0,0,0,0,0,0,0,0,0,0,0,0,0,0,0,0,0,0,0,0,0], MEM[0]: 1
EXEC: opcode=0, op1=0, op2=0
NAND r0, r0 -> r0
PC: 780, REG: [65535,256,0,0,0,0,0,0,0,0,0,0,0,0,0,0,0,0,0,0,0,0,0,0,0,0,0,0,0,0,0,0], MEM[0]: 1
EXEC: opcode=0, op1=0, op2=0
NAND r0, r0 -> r0
PC: 784, REG: [0,256,0,0,0,0,0,0,0,0,0,0,0,0,0,0,0,0,0,0,0,0,0,0,0,0,0,0,0,0,0,0], MEM[0]: 1
EXEC: opcode=0, op1=0, op2=0
NAND r0, r0 -> r0
PC: 788, REG: [65535,256,0,0,0,0,0,0,0,0,0,0,0,0,0,0,0,0,0,0,0,0,0,0,0,0,0,0,0,0,0,0], MEM[0]: 1
EXEC: opcode=0, op1=0, op2=0
NAND r0, r0 -> r0
PC: 792, REG: [0,256,0,0,0,0,0,0,0,0,0,0,0,0,0,0,0,0,0,0,0,0,0,0,0,0,0,0,0,0,0,0], MEM[0]: 1
EXEC: opcode=0, op1=0, op2=0
NAND r0, r0 -> r0
PC: 796, REG: [65535,256,0,0,0,0,0,0,0,0,0,0,0,0,0,0,0,0,0,0,0,0,0,0,0,0,0,0,0,0,0,0], MEM[0]: 1
EXEC: opcode=0, op1=0, op2=0
NAND r0, r0 -> r0
PC: 800, REG: [0,256,0,0,0,0,0,0,0,0,0,0,0,0,0,0,0,0,0,0,0,0,0,0,0,0,0,0,0,0,0,0], MEM[0]: 1
EXEC: opcode=0, op1=0, op2=0
NAND r0, r0 -> r0
PC: 804, REG: [65535,256,0,0,0,0,0,0,0,0,0,0,0,0,0,0,0,0,0,0,0,0,0,0,0,0,0,0,0,0,0,0], MEM[0]: 1
EXEC: opcode=0, op1=0, op2=0
NAND r0, r0 -> r0
PC: 808, REG: [0,256,0,0,0,0,0,0,0,0,0,0,0,0,0,0,0,0,0,0,0,0,0,0,0,0,0,0,0,0,0,0], MEM[0]: 1
EXEC: opcode=0, op1=0, op2=0
NAND r0, r0 -> r0
PC: 812, REG: [65535,256,0,0,0,0,0,0,0,0,0,0,0,0,0,0,0,0,0,0,0,0,0,0,0,0,0,0,0,0,0,0], MEM[0]: 1
EXEC: opcode=0, op1=0, op2=0
NAND r0, r0 -> r0
PC: 816, REG: [0,256,0,0,0,0,0,0,0,0,0,0,0,0,0,0,0,0,0,0,0,0,0,0,0,0,0,0,0,0,0,0], MEM[0]: 1
EXEC: opcode=0, op1=0, op2=0
NAND r0, r0 -> r0
PC: 820, REG: [65535,256,0,0,0,0,0,0,0,0,0,0,0,0,0,0,0,0,0,0,0,0,0,0,0,0,0,0,0,0,0,0], MEM[0]: 1
EXEC: opcode=0, op1=0, op2=0
NAND r0, r0 -> r0
PC: 824, REG: [0,256,0,0,0,0,0,0,0,0,0,0,0,0,0,0,0,0,0,0,0,0,0,0,0,0,0,0,0,0,0,0], MEM[0]: 1
EXEC: opcode=0, op1=0, op2=0
NAND r0, r0 -> r0
PC: 828, REG: [65535,256,0,0,0,0,0,0,0,0,0,0,0,0,0,0,0,0,0,0,0,0,0,0,0,0,0,0,0,0,0,0], MEM[0]: 1
EXEC: opcode=0, op1=0, op2=0
NAND r0, r0 -> r0
PC: 832, REG: [0,256,0,0,0,0,0,0,0,0,0,0,0,0,0,0,0,0,0,0,0,0,0,0,0,0,0,0,0,0,0,0], MEM[0]: 1
EXEC: opcode=0, op1=0, op2=0
NAND r0, r0 -> r0
PC: 836, REG: [65535,256,0,0,0,0,0,0,0,0,0,0,0,0,0,0,0,0,0,0,0,0,0,0,0,0,0,0,0,0,0,0], MEM[0]: 1
EXEC: opcode=0, op1=0, op2=0
NAND r0, r0 -> r0
PC: 840, REG: [0,256,0,0,0,0,0,0,0,0,0,0,0,0,0,0,0,0,0,0,0,0,0,0,0,0,0,0,0,0,0,0], MEM[0]: 1
EXEC: opcode=0, op1=0, op2=0
NAND r0, r0 -> r0
PC: 844, REG: [65535,256,0,0,0,0,0,0,0,0,0,0,0,0,0,0,0,0,0,0,0,0,0,0,0,0,0,0,0,0,0,0], MEM[0]: 1
EXEC: opcode=0, op1=0, op2=0
NAND r0, r0 -> r0
PC: 848, REG: [0,256,0,0,0,0,0,0,0,0,0,0,0,0,0,0,0,0,0,0,0,0,0,0,0,0,0,0,0,0,0,0], MEM[0]: 1
EXEC: opcode=0, op1=0, op2=0
NAND r0, r0 -> r0
PC: 852, REG: [65535,256,0,0,0,0,0,0,0,0,0,0,0,0,0,0,0,0,0,0,0,0,0,0,0,0,0,0,0,0,0,0], MEM[0]: 1
EXEC: opcode=0, op1=0, op2=0
NAND r0, r0 -> r0
PC: 856, REG: [0,256,0,0,0,0,0,0,0,0,0,0,0,0,0,0,0,0,0,0,0,0,0,0,0,0,0,0,0,0,0,0], MEM[0]: 1
EXEC: opcode=0, op1=0, op2=0
NAND r0, r0 -> r0
PC: 860, REG: [65535,256,0,0,0,0,0,0,0,0,0,0,0,0,0,0,0,0,0,0,0,0,0,0,0,0,0,0,0,0,0,0], MEM[0]: 1
EXEC: opcode=0, op1=0, op2=0
NAND r0, r0 -> r0
PC: 864, REG: [0,256,0,0,0,0,0,0,0,0,0,0,0,0,0,0,0,0,0,0,0,0,0,0,0,0,0,0,0,0,0,0], MEM[0]: 1
EXEC: opcode=0, op1=0, op2=0
NAND r0, r0 -> r0
PC: 868, REG: [65535,256,0,0,0,0,0,0,0,0,0,0,0,0,0,0,0,0,0,0,0,0,0,0,0,0,0,0,0,0,0,0], MEM[0]: 1
EXEC: opcode=0, op1=0, op2=0
NAND r0, r0 -> r0
PC: 872, REG: [0,256,0,0,0,0,0,0,0,0,0,0,0,0,0,0,0,0,0,0,0,0,0,0,0,0,0,0,0,0,0,0], MEM[0]: 1
EXEC: opcode=0, op1=0, op2=0
NAND r0, r0 -> r0
PC: 876, REG: [65535,256,0,0,0,0,0,0,0,0,0,0,0,0,0,0,0,0,0,0,0,0,0,0,0,0,0,0,0,0,0,0], MEM[0]: 1
EXEC: opcode=0, op1=0, op2=0
NAND r0, r0 -> r0
PC: 880, REG: [0,256,0,0,0,0,0,0,0,0,0,0,0,0,0,0,0,0,0,0,0,0,0,0,0,0,0,0,0,0,0,0], MEM[0]: 1
EXEC: opcode=0, op1=0, op2=0
NAND r0, r0 -> r0
PC: 884, REG: [65535,256,0,0,0,0,0,0,0,0,0,0,0,0,0,0,0,0,0,0,0,0,0,0,0,0,0,0,0,0,0,0], MEM[0]: 1
EXEC: opcode=0, op1=0, op2=0
NAND r0, r0 -> r0
PC: 888, REG: [0,256,0,0,0,0,0,0,0,0,0,0,0,0,0,0,0,0,0,0,0,0,0,0,0,0,0,0,0,0,0,0], MEM[0]: 1
EXEC: opcode=0, op1=0, op2=0
NAND r0, r0 -> r0
PC: 892, REG: [65535,256,0,0,0,0,0,0,0,0,0,0,0,0,0,0,0,0,0,0,0,0,0,0,0,0,0,0,0,0,0,0], MEM[0]: 1
EXEC: opcode=0, op1=0, op2=0
NAND r0, r0 -> r0
PC: 896, REG: [0,256,0,0,0,0,0,0,0,0,0,0,0,0,0,0,0,0,0,0,0,0,0,0,0,0,0,0,0,0,0,0], MEM[0]: 1
Halted: Possible infinite loop
